2.230415802001953125e+02 1.095363891601562500e+03
2.781831359863281250e+02 1.099381347656250000e+03
5.954262695312500000e+02 1.125675659179687500e+03
9.204634399414062500e+02 1.146296875000000000e+03
9.875456542968750000e+02 1.153786499023437500e+03
2.663099975585937500e+02 9.742154541015625000e+02
3.123455200195312500e+02 9.749918212890625000e+02
5.950546875000000000e+02 9.995044555664062500e+02
8.899671020507812500e+02 1.021237426757812500e+03
9.456556396484375000e+02 1.027420410156250000e+03
3.851257629394531250e+02 6.262389526367187500e+02
4.171219177246093750e+02 6.257268066406250000e+02
5.988456420898437500e+02 6.326953125000000000e+02
7.849683227539062500e+02 6.426503906250000000e+02
8.162012329101562500e+02 6.416322021484375000e+02
4.174766845703125000e+02 5.262970581054687500e+02
7.862054443359375000e+02 5.404113159179687500e+02
4.440221557617187500e+02 4.528022155761718750e+02
4.636028747558593750e+02 4.530711975097656250e+02
6.011333007812500000e+02 4.576826171875000000e+02
7.361723022460937500e+02 4.633349304199218750e+02
7.615891113281250000e+02 4.649637756347656250e+02
4.769980468750000000e+02 3.566997985839843750e+02
4.941184387207031250e+02 3.569899291992187500e+02
6.014754638671875000e+02 3.595382080078125000e+02
7.093357543945312500e+02 3.629687805175781250e+02
7.269271850585937500e+02 3.625531616210937500e+02
4.808920898437500000e+02 3.436546020507812500e+02
4.980261230468750000e+02 3.439418945312500000e+02
6.015292968750000000e+02 3.474631347656250000e+02
7.062648315429687500e+02 3.489133605957031250e+02
7.196500244140625000e+02 3.485952758789062500e+02
