8.089244842529296875e+01 1.265463989257812500e+03
1.559692382812500000e+02 1.268293945312500000e+03
5.926776733398437500e+02 1.275180053710937500e+03
1.032241943359375000e+03 1.277762695312500000e+03
1.112799926757812500e+03 1.279052978515625000e+03
1.562735137939453125e+02 1.122059082031250000e+03
2.212723999023437500e+02 1.123387329101562500e+03
5.902644653320312500e+02 1.124275512695312500e+03
9.599378051757812500e+02 1.132107421875000000e+03
1.029237670898437500e+03 1.131154174804687500e+03
3.449889831542968750e+02 7.713945312500000000e+02
3.789988403320312500e+02 7.714285888671875000e+02
5.830297851562500000e+02 7.720245971679687500e+02
7.842656860351562500e+02 7.749523925781250000e+02
8.224918212890625000e+02 7.751614379882812500e+02
3.825065917968750000e+02 6.936566162109375000e+02
7.804199829101562500e+02 6.947958984375000000e+02
4.173108520507812500e+02 6.337078247070312500e+02
4.401565551757812500e+02 6.344778442382812500e+02
5.783013916015625000e+02 6.316608276367187500e+02
7.186308593750000000e+02 6.344431152343750000e+02
7.432857666015625000e+02 6.367896118164062500e+02
4.535451049804687500e+02 5.677359008789062500e+02
4.694512023925781250e+02 5.682893676757812500e+02
5.775046997070312500e+02 5.658955688476562500e+02
6.865783691406250000e+02 5.683377075195312500e+02
7.042248535156250000e+02 5.677593383789062500e+02
4.574355163574218750e+02 5.561544799804687500e+02
4.766275634765625000e+02 5.546754760742187500e+02
5.775040283203125000e+02 5.552721557617187500e+02
6.809861450195312500e+02 5.568162841796875000e+02
6.986124877929687500e+02 5.562496948242187500e+02
