8.600000000000000000e+01 1.146000000000000000e+03
1.520000000000000000e+02 1.159000000000000000e+03
5.870000000000000000e+02 1.204000000000000000e+03
1.022000000000000000e+03 1.161000000000000000e+03
1.092000000000000000e+03 1.149000000000000000e+03
1.330000000000000000e+02 1.059000000000000000e+03
1.920000000000000000e+02 1.069000000000000000e+03
5.860000000000000000e+02 1.100000000000000000e+03
9.740000000000000000e+02 1.071000000000000000e+03
1.038000000000000000e+03 1.061000000000000000e+03
2.910000000000000000e+02 7.710000000000000000e+02
3.290000000000000000e+02 7.710000000000000000e+02
5.790000000000000000e+02 7.710000000000000000e+02
8.230000000000000000e+02 7.740000000000000000e+02
8.650000000000000000e+02 7.740000000000000000e+02
3.340000000000000000e+02 6.950000000000000000e+02
8.180000000000000000e+02 6.960000000000000000e+02
3.760000000000000000e+02 6.360000000000000000e+02
4.030000000000000000e+02 6.360000000000000000e+02
5.730000000000000000e+02 6.310000000000000000e+02
7.450000000000000000e+02 6.360000000000000000e+02
7.740000000000000000e+02 6.390000000000000000e+02
4.210000000000000000e+02 5.720000000000000000e+02
4.400000000000000000e+02 5.720000000000000000e+02
5.720000000000000000e+02 5.680000000000000000e+02
7.050000000000000000e+02 5.720000000000000000e+02
7.260000000000000000e+02 5.720000000000000000e+02
4.260000000000000000e+02 5.610000000000000000e+02
4.490000000000000000e+02 5.590000000000000000e+02
5.720000000000000000e+02 5.580000000000000000e+02
6.980000000000000000e+02 5.610000000000000000e+02
7.190000000000000000e+02 5.610000000000000000e+02
