2.210000000000000000e+02 1.265000000000000000e+03
2.720000000000000000e+02 1.276000000000000000e+03
5.940000000000000000e+02 1.315000000000000000e+03
9.100000000000000000e+02 1.293000000000000000e+03
9.720000000000000000e+02 1.289000000000000000e+03
2.420000000000000000e+02 1.194000000000000000e+03
2.870000000000000000e+02 1.201000000000000000e+03
5.960000000000000000e+02 1.236000000000000000e+03
9.010000000000000000e+02 1.222000000000000000e+03
9.510000000000000000e+02 1.217000000000000000e+03
3.410000000000000000e+02 8.980000000000000000e+02
3.790000000000000000e+02 8.980000000000000000e+02
6.050000000000000000e+02 9.060000000000000000e+02
8.300000000000000000e+02 9.130000000000000000e+02
8.650000000000000000e+02 9.110000000000000000e+02
3.790000000000000000e+02 7.970000000000000000e+02
8.330000000000000000e+02 8.110000000000000000e+02
4.120000000000000000e+02 7.220000000000000000e+02
4.360000000000000000e+02 7.220000000000000000e+02
6.080000000000000000e+02 7.260000000000000000e+02
7.740000000000000000e+02 7.330000000000000000e+02
8.040000000000000000e+02 7.350000000000000000e+02
4.540000000000000000e+02 6.250000000000000000e+02
4.750000000000000000e+02 6.250000000000000000e+02
6.080000000000000000e+02 6.270000000000000000e+02
7.400000000000000000e+02 6.320000000000000000e+02
7.610000000000000000e+02 6.320000000000000000e+02
4.590000000000000000e+02 6.120000000000000000e+02
4.800000000000000000e+02 6.120000000000000000e+02
6.080000000000000000e+02 6.150000000000000000e+02
7.360000000000000000e+02 6.180000000000000000e+02
7.520000000000000000e+02 6.180000000000000000e+02
