1.737247520491036084e+03 1.680445394662973740e+03
1.738576163030053067e+03 1.505064579512706132e+03
1.242992495976645387e+03 9.563352108986114217e+02
1.308095980388487078e+03 9.536779258205770020e+02
1.722632452561847003e+03 9.589924959766458414e+02
2.134511639657172509e+03 9.603211385156630513e+02
2.202272409147048620e+03 9.616497810546800338e+02
1.313410550544555917e+03 8.301141696919794413e+02
2.125211141884052267e+03 8.354287398480480533e+02
1.379842677495415046e+03 7.304659792656909758e+02
1.427673808900033237e+03 7.317946218047081857e+02
1.717317882405778619e+03 7.304659792656909758e+02
2.004304670833489126e+03 7.344519068827426054e+02
2.050807159699090334e+03 7.371091919607770251e+02
1.459561229836445818e+03 6.215172910662822687e+02
1.494105935850892365e+03 6.228459336052994786e+02
1.713331954788726762e+03 6.122167932931620271e+02
1.936543901343613015e+03 6.281605037613683180e+02
1.973745892436093982e+03 6.281605037613683180e+02
1.468861727609566060e+03 6.069022231370934151e+02
1.503406433624012607e+03 6.042449380590589953e+02
1.715989239866761181e+03 6.042449380590589953e+02
1.924586118492458354e+03 6.095595082151278348e+02
1.960459467045921883e+03 6.095595082151278348e+02
