5.801659011840820312e+01 6.014910888671875000e+02
9.689330291748046875e+01 6.048115844726562500e+02
3.350729370117187500e+02 6.078733520507812500e+02
5.756324462890625000e+02 6.137755737304687500e+02
6.225398559570312500e+02 6.125021362304687500e+02
9.729486083984375000e+01 5.210805664062500000e+02
1.328068847656250000e+02 5.247846679687500000e+02
3.331772766113281250e+02 5.273433837890625000e+02
5.369912109375000000e+02 5.317147216796875000e+02
5.770999145507812500e+02 5.325879516601562500e+02
1.980973052978515625e+02 3.316116638183593750e+02
2.165241394042968750e+02 3.332727966308593750e+02
3.277579345703125000e+02 3.333295288085937500e+02
4.413980712890625000e+02 3.333923950195312500e+02
4.613242492675781250e+02 3.335827636718750000e+02
2.174212799072265625e+02 2.896275024414062500e+02
4.368115844726562500e+02 2.909931335449218750e+02
2.359757537841796875e+02 2.571201782226562500e+02
2.494379577636718750e+02 2.563939208984375000e+02
3.257789611816406250e+02 2.557616882324218750e+02
4.035762939453125000e+02 2.576031494140625000e+02
4.171187438964843750e+02 2.572597045898437500e+02
2.573116455078125000e+02 2.178858642578125000e+02
2.663173828125000000e+02 2.191303100585937500e+02
3.250835876464843750e+02 2.179011383056640625e+02
3.851201782226562500e+02 2.193364562988281250e+02
3.956692504882812500e+02 2.183409118652343750e+02
2.583333740234375000e+02 2.133817596435546875e+02
2.692286987304687500e+02 2.136205749511718750e+02
3.258997192382812500e+02 2.133764190673828125e+02
3.821879882812500000e+02 2.138403472900390625e+02
3.927045593261718750e+02 2.135458068847656250e+02
