2.800000000000000000e+01 1.576000000000000000e+03
1.340000000000000000e+02 1.602000000000000000e+03
8.680000000000000000e+02 1.677000000000000000e+03
1.580000000000000000e+03 1.598000000000000000e+03
1.704000000000000000e+03 1.571000000000000000e+03
1.010000000000000000e+02 1.428000000000000000e+03
2.020000000000000000e+02 1.452000000000000000e+03
8.660000000000000000e+02 1.503000000000000000e+03
1.510000000000000000e+03 1.450000000000000000e+03
1.618000000000000000e+03 1.433000000000000000e+03
3.710000000000000000e+02 9.530000000000000000e+02
4.350000000000000000e+02 9.580000000000000000e+02
8.500000000000000000e+02 9.580000000000000000e+02
1.264000000000000000e+03 9.580000000000000000e+02
1.330000000000000000e+03 9.580000000000000000e+02
4.390000000000000000e+02 8.300000000000000000e+02
1.248000000000000000e+03 8.350000000000000000e+02
5.070000000000000000e+02 7.340000000000000000e+02
5.560000000000000000e+02 7.310000000000000000e+02
8.420000000000000000e+02 7.270000000000000000e+02
1.130000000000000000e+03 7.360000000000000000e+02
1.178000000000000000e+03 7.360000000000000000e+02
5.870000000000000000e+02 6.190000000000000000e+02
6.200000000000000000e+02 6.220000000000000000e+02
8.390000000000000000e+02 6.170000000000000000e+02
1.061000000000000000e+03 6.240000000000000000e+02
1.099000000000000000e+03 6.220000000000000000e+02
5.910000000000000000e+02 6.060000000000000000e+02
6.310000000000000000e+02 6.060000000000000000e+02
8.420000000000000000e+02 6.040000000000000000e+02
1.050000000000000000e+03 6.080000000000000000e+02
1.088000000000000000e+03 6.080000000000000000e+02
