7.816227466097782326e+02 1.681492389934752737e+03
7.763630687276215667e+02 1.498718583529822581e+03
2.806384283343936659e+02 9.490822448444926067e+02
3.450694823908079343e+02 9.490822448444926067e+02
7.618989545516922135e+02 9.517120837855707123e+02
1.172153829359880774e+03 9.569717616677269234e+02
1.239214722357373148e+03 9.556568421971878706e+02
3.358650460970345648e+02 6.295568135034991428e+02
1.189247782476888688e+03 6.348164913856555813e+02
4.213348116820739051e+02 7.268608543233901855e+02
4.634122347393240489e+02 7.242310153823120800e+02
7.540094377284574421e+02 7.216011764412339744e+02
1.043291721247052237e+03 7.281757737939292383e+02
1.089313902715919767e+03 7.294906932644682911e+02
4.962852215028008231e+02 6.150926993275695622e+02
5.331029666778943010e+02 6.124628603864914567e+02
7.487497598463012309e+02 6.098330214454131237e+02
9.696562308968643720e+02 6.150926993275695622e+02
1.009103815013036410e+03 6.216672966802648261e+02
5.068045772671132454e+02 5.966838267400225959e+02
5.436223224422071780e+02 5.966838267400225959e+02
7.500646793168405111e+02 5.953689072694835431e+02
9.604517946030912299e+02 6.019435046221788070e+02
9.998993787192632681e+02 6.032584240927178598e+02
