8.806362915039062500e+01 1.271828979492187500e+03
1.897470397949218750e+02 1.279392456054687500e+03
7.996187744140625000e+02 1.292290893554687500e+03
1.424947387695312500e+03 1.306826782226562500e+03
1.543108520507812500e+03 1.306000244140625000e+03
1.858769378662109375e+02 1.112258056640625000e+03
2.750318298339843750e+02 1.117560302734375000e+03
7.911436767578125000e+02 1.119281860351562500e+03
1.323401733398437500e+03 1.131856445312500000e+03
1.428440185546875000e+03 1.134461547851562500e+03
4.420902404785156250e+02 7.088218994140625000e+02
4.870444946289062500e+02 7.089181518554687500e+02
7.821575317382812500e+02 7.076861572265625000e+02
1.078955932617187500e+03 7.074447631835937500e+02
1.128017089843750000e+03 7.076132202148437500e+02
4.911405944824218750e+02 6.184649047851562500e+02
1.069174926757812500e+03 6.205927124023437500e+02
5.402463989257812500e+02 5.422841796875000000e+02
5.745607299804687500e+02 5.420327758789062500e+02
7.754680786132812500e+02 5.416488647460937500e+02
9.801183471679687500e+02 5.438161010742187500e+02
1.015809509277343750e+03 5.428461303710937500e+02
5.949279785156250000e+02 4.595988159179687500e+02
6.185429077148437500e+02 4.600612487792968750e+02
7.731437377929687500e+02 4.569739074707031250e+02
9.305871582031250000e+02 4.590530090332031250e+02
9.587037963867187500e+02 4.592349243164062500e+02
6.004097290039062500e+02 4.476405029296875000e+02
6.277989501953125000e+02 4.491606140136718750e+02
7.741243896484375000e+02 4.479136352539062500e+02
9.240939331054687500e+02 4.481526489257812500e+02
9.511846923828125000e+02 4.483742980957031250e+02
