2.598665743478431978e+01 1.574153991541599680e+03
1.336067030951758170e+02 1.602055484860960405e+03
8.696746697106930242e+02 1.685759964819042580e+03
1.580498428084883699e+03 1.598069557243908775e+03
1.702733541674464277e+03 1.572825349002582243e+03
1.017192821587636899e+02 1.433317882405778619e+03
1.987101875070177357e+02 1.454576163030053522e+03
8.630314570156072023e+02 1.501078651895654730e+03
1.506094445899921766e+03 1.447932950334967700e+03
1.613714491560313263e+03 1.430660597327744199e+03
3.714337175792509242e+02 9.589924959766458414e+02
4.312226318350240035e+02 9.589924959766458414e+02
8.537309592424869606e+02 9.563352108986114217e+02
1.264281503798795029e+03 9.576638534376286316e+02
1.325399060593585318e+03 9.576638534376286316e+02
4.378658445301098254e+02 8.367573823870652632e+02
1.250995078408623385e+03 8.420719525431341026e+02
5.069552565590031463e+02 7.331232643437253955e+02
5.547863879636215643e+02 7.317946218047081857e+02
8.431018189303492818e+02 7.291373367266737660e+02
1.131417249897077227e+03 7.371091919607770251e+02
1.179248381301695872e+03 7.371091919607770251e+02
5.853451663610167088e+02 6.215172910662822687e+02
6.185612298364460457e+02 6.215172910662822687e+02
8.391158913132978796e+02 6.162027209102136567e+02
1.060999195329166696e+03 6.228459336052994786e+02
1.099529828960665100e+03 6.241745761443166884e+02
5.933170215951197406e+02 6.055735805980762052e+02
6.318476552266181443e+02 6.069022231370934151e+02
8.404445338523153168e+02 6.042449380590589953e+02
1.051698697556046454e+03 6.082308656761106249e+02
1.088900688648527421e+03 6.095595082151278348e+02
