2.742841890049976428e+02 6.684940935938209350e+02
3.290471755262759075e+02 6.670402089959109162e+02
6.358168256852943614e+02 6.660709525973043128e+02
9.454942450401331371e+02 6.689787217931243504e+02
1.002680372557927967e+03 6.675248371952143316e+02
2.868845221868846807e+02 6.239082992579130860e+02
3.392243677116461527e+02 6.258468120551265201e+02
6.363014538845977768e+02 6.243929274572165014e+02
9.338631682568527594e+02 6.258468120551265201e+02
9.886261547781309673e+02 6.253621838558231048e+02
3.358319703165226997e+02 4.470190065121914245e+02
3.799331364531272470e+02 4.484728911101015001e+02
6.319398000908677204e+02 4.508960321066182360e+02
8.839464637286080233e+02 4.475036347114947830e+02
9.295015144631227031e+02 4.465343783128881228e+02
3.484323034984096807e+02 2.458983038013025180e+02
9.144780402847188725e+02 2.444444192033923855e+02
3.721790852642737377e+02 3.137462517037710086e+02
4.094954566106314928e+02 3.127769953051644052e+02
6.280627744964408521e+02 3.122923671058609898e+02
8.480839769801602870e+02 3.152001363016811410e+02
8.863696047251246455e+02 3.132616235044677069e+02
3.983490080266544169e+02 2.139128426472815363e+02
4.308190973799787002e+02 2.134282144479782346e+02
6.246703771013173991e+02 2.129435862486749329e+02
8.194909132212628720e+02 2.129435862486749329e+02
8.534148871724971741e+02 2.114897016507648004e+02
4.027106618203845869e+02 1.988893684688778194e+02
4.346961229744054549e+02 1.984047402695745177e+02
6.246703771013173991e+02 1.998586248674845365e+02
8.160985158261394190e+02 1.969508556716643852e+02
8.490532333787671178e+02 1.969508556716643852e+02
