4.616151614955642799e+02 3.324635222126576537e+03
5.530257681799462262e+02 3.331012706313858871e+03
1.107866892473520238e+03 3.343767674688423540e+03
1.666959672891948685e+03 3.279992832815599286e+03
1.756244451513903186e+03 3.262986208316179273e+03
4.233502563718698184e+02 3.220469647067629467e+03
5.275158314308164336e+02 3.233224615442194590e+03
1.105741064411092793e+03 3.241727927691904370e+03
1.681840469328941253e+03 3.180078913881507106e+03
1.775376904075750645e+03 3.160946461319660102e+03
2.469065271903882604e+02 2.480681481342864572e+03
3.553237583741902199e+02 2.482807309405291562e+03
1.061098675100115543e+03 2.493436449717429241e+03
1.766873591826040865e+03 2.427535779782177087e+03
1.881668307197124705e+03 2.406277499157902639e+03
1.639992327557165481e+02 1.955601949923275242e+03
1.900800759758972163e+03 1.883323795800740754e+03
1.406151240690142004e+02 1.385880029192709117e+03
2.532840113776710496e+02 1.366747576630861658e+03
1.001575489352145723e+03 1.307224390882891839e+03
1.758370279576331086e+03 1.292343594445899726e+03
1.877416651072269815e+03 1.298721078633182060e+03
2.086416220666937988e+02 4.398865414124775270e+02
3.106813690632129692e+02 4.165024327257751793e+02
9.633105842284512619e+02 3.378467944159583567e+02
1.613813971331262110e+03 3.548534189153783700e+02
1.722231202515063160e+03 3.676083872899430389e+02
2.362773868782510363e+02 3.102110296044011193e+02
3.340654777499153170e+02 2.868269209176987715e+02
9.548072719787410279e+02 2.102971106703093938e+02
1.581926550394849073e+03 2.294295632321563971e+02
1.690343781578651033e+03 2.379328754818666312e+02
