1.442051162094388701e+02 1.754849376847935901e+03
1.269327632022155967e+02 1.663173041655750694e+03
6.448656386840821142e+01 1.110457745424604127e+03
7.511570418054566289e+01 5.510992364983719654e+02
8.973077210973451656e+01 4.594229013061865317e+02
2.491678767917959476e+02 1.778764942550244996e+03
2.305668812455554644e+02 1.684431322280025370e+03
1.628061117556793533e+02 1.099828605112466676e+03
1.787498222238855305e+02 5.218691006399940306e+02
1.853930349189714661e+02 4.248781952917399849e+02
9.985222687974847986e+02 1.878413132976533461e+03
9.825785583292785077e+02 1.765478517160073352e+03
9.108318612223509945e+02 1.062626614019985709e+03
9.214610015344884459e+02 3.544601407238292268e+02
9.267755716905570580e+02 2.415255249073693449e+02
1.531307926943373332e+03 1.906314626295894413e+03
1.459561229836445818e+03 1.657929001833899747e+02
2.109267431415846204e+03 1.877084490437516251e+03
2.110596073954863186e+03 1.754849376847935901e+03
2.098638291103708525e+03 1.002837699764212630e+03
2.038849376847935673e+03 2.561405928365584259e+02
2.025562951457764029e+03 1.432059770200980893e+02
3.041974493805905240e+03 1.722961955911523546e+03
3.048617706500991517e+03 1.615341910251132049e+03
3.063232774430180143e+03 9.550065683595942119e+02
2.986171507167183790e+03 3.132722220142968581e+02
2.967570511620943307e+03 2.109667465099742003e+02
3.170852820090571640e+03 1.684431322280025370e+03
3.184139245480743739e+03 1.582125846775702485e+03
3.200082955948949802e+03 9.576638534376286316e+02
3.128336258842021834e+03 3.332018600995547786e+02
3.104420693139712967e+03 2.362109547513005054e+02
