1.442374633789062500e+03 1.437679077148437500e+03
1.481935058593750000e+03 1.433715698242187500e+03
1.706757446289062500e+03 1.423630981445312500e+03
1.935213134765625000e+03 1.415033935546875000e+03
1.974424682617187500e+03 1.414225830078125000e+03
1.435043579101562500e+03 1.377026855468750000e+03
1.478401977539062500e+03 1.376154418945312500e+03
1.704885742187500000e+03 1.363005981445312500e+03
1.932236206054687500e+03 1.356575195312500000e+03
1.971891723632812500e+03 1.354726440429687500e+03
1.414236450195312500e+03 1.050696166992187500e+03
1.455034057617187500e+03 1.046648315429687500e+03
1.686877319335937500e+03 1.037071777343750000e+03
1.917588012695312500e+03 1.027898681640625000e+03
1.960093505859375000e+03 1.025249511718750000e+03
1.399125976562500000e+03 8.789306030273437500e+02
1.953274902343750000e+03 8.561475830078125000e+02
1.388631469726562500e+03 7.029343872070312500e+02
1.430500976562500000e+03 6.992138061523437500e+02
1.669049194335937500e+03 6.886795654296875000e+02
1.906019287109375000e+03 6.778829956054687500e+02
1.948776000976562500e+03 6.772388305664062500e+02
1.360876098632812500e+03 3.368528747558593750e+02
1.403648193359375000e+03 3.344844360351562500e+02
1.651982055664062500e+03 3.271214294433593750e+02
1.895514648437500000e+03 3.154578857421875000e+02
1.939820434570312500e+03 3.133350830078125000e+02
1.359966796875000000e+03 2.698584289550781250e+02
1.401866455078125000e+03 2.668014221191406250e+02
1.647373291015625000e+03 2.579329833984375000e+02
1.891954345703125000e+03 2.481206207275390625e+02
1.938015625000000000e+03 2.434738922119140625e+02
