7.746409912109375000e+02 2.301547119140625000e+03
8.226174316406250000e+02 2.288678710937500000e+03
1.091851562500000000e+03 2.274248291015625000e+03
1.361623901367187500e+03 2.261777343750000000e+03
1.408356201171875000e+03 2.256365966796875000e+03
7.694403686523437500e+02 2.208573974609375000e+03
8.191325683593750000e+02 2.204870605468750000e+03
1.089146362304687500e+03 2.186361328125000000e+03
1.358937255859375000e+03 2.169616210937500000e+03
1.404415893554687500e+03 2.161962890625000000e+03
7.409703369140625000e+02 1.707210449218750000e+03
7.907639160156250000e+02 1.701954833984375000e+03
1.070618896484375000e+03 1.682771728515625000e+03
1.341445190429687500e+03 1.667637084960937500e+03
1.392447387695312500e+03 1.664830078125000000e+03
7.280423583984375000e+02 1.442409301757812500e+03
1.391099975585937500e+03 1.404686035156250000e+03
7.097653808593750000e+02 1.163428100585937500e+03
7.607680053710937500e+02 1.160572387695312500e+03
1.049326538085937500e+03 1.143589233398437500e+03
1.330978271484375000e+03 1.129203002929687500e+03
1.382072021484375000e+03 1.126414794921875000e+03
6.748612670898437500e+02 5.947609252929687500e+02
7.280351562500000000e+02 5.902406616210937500e+02
1.025248901367187500e+03 5.750838623046875000e+02
1.322497192382812500e+03 5.588666992187500000e+02
1.373889892578125000e+03 5.606536254882812500e+02
6.727410888671875000e+02 4.849415893554687500e+02
7.219542236328125000e+02 4.784797668457031250e+02
1.021412109375000000e+03 4.721768493652343750e+02
1.320338989257812500e+03 4.508793640136718750e+02
1.371841918945312500e+03 4.498565979003906250e+02
