9.105941464875172642e+01 4.580942587671693218e+02
7.378706164152845304e+01 5.497705939593547555e+02
6.182927879037379171e+01 1.109129102885586917e+03
1.269327632022155967e+02 1.665830326733784887e+03
1.481910438264903860e+02 1.756178019386953110e+03
1.880503199970057722e+02 4.275354803697741772e+02
1.787498222238855305e+02 5.205404581009768208e+02
1.641347542946965632e+02 1.106471817807552725e+03
2.318955237845726742e+02 1.684431322280025370e+03
2.491678767917959476e+02 1.778764942550244996e+03
9.281042142295742678e+02 2.441828099854037646e+02
9.214610015344884459e+02 3.504742131067778246e+02
9.161464313784196065e+02 1.059969328941951289e+03
9.839072008682957176e+02 1.768135802238107772e+03
1.001179553875518991e+03 1.882399060593585091e+03
1.379842677495415046e+03 6.747335229611871910e+01
1.475504940304651882e+03 2.036521595119577796e+03
2.026891593996781012e+03 1.458632620981325090e+02
2.038849376847935673e+03 2.534833077585240062e+02
2.101295576181742945e+03 1.000180414686178437e+03
2.111924716493880624e+03 1.761492589543021722e+03
2.107938788876828767e+03 1.875755847898499269e+03
2.968899154159960744e+03 2.136240315880086200e+02
2.987500149706201228e+03 3.066290093192110362e+02
3.064561416969197580e+03 9.563352108986114217e+02
3.049946349040008499e+03 1.615341910251132049e+03
3.036659923649836855e+03 1.720304670833489126e+03
3.103092050600695529e+03 2.362109547513005054e+02
3.125678973763987869e+03 3.371877877166061808e+02
3.198754313409932365e+03 9.550065683595942119e+02
3.181481960402709319e+03 1.586111774392754114e+03
3.166866892473520238e+03 1.689745892436093982e+03
