4.610000000000000000e+02 3.327000000000000000e+03
5.520000000000000000e+02 3.327000000000000000e+03
1.109000000000000000e+03 3.344000000000000000e+03
1.665000000000000000e+03 3.284000000000000000e+03
1.756000000000000000e+03 3.263000000000000000e+03
4.290000000000000000e+02 3.225000000000000000e+03
5.280000000000000000e+02 3.235000000000000000e+03
1.105000000000000000e+03 3.249000000000000000e+03
1.682000000000000000e+03 3.182000000000000000e+03
1.774000000000000000e+03 3.158000000000000000e+03
2.420000000000000000e+02 2.486000000000000000e+03
3.520000000000000000e+02 2.490000000000000000e+03
1.063000000000000000e+03 2.493000000000000000e+03
1.763000000000000000e+03 2.430000000000000000e+03
1.880000000000000000e+03 2.412000000000000000e+03
1.720000000000000000e+02 1.962000000000000000e+03
1.911000000000000000e+03 1.885000000000000000e+03
1.400000000000000000e+02 1.382000000000000000e+03
2.530000000000000000e+02 1.368000000000000000e+03
1.003000000000000000e+03 1.304000000000000000e+03
1.756000000000000000e+03 1.294000000000000000e+03
1.876000000000000000e+03 1.297000000000000000e+03
2.110000000000000000e+02 4.500000000000000000e+02
3.160000000000000000e+02 4.250000000000000000e+02
9.610000000000000000e+02 3.410000000000000000e+02
1.619000000000000000e+03 3.580000000000000000e+02
1.725000000000000000e+03 3.760000000000000000e+02
2.390000000000000000e+02 3.160000000000000000e+02
3.340000000000000000e+02 2.910000000000000000e+02
9.570000000000000000e+02 2.210000000000000000e+02
1.591000000000000000e+03 2.320000000000000000e+02
1.693000000000000000e+03 2.460000000000000000e+02
