0.000000000000000000e+00 0.000000000000000000e+00 0.000000000000000000e+00
4.600000083446502686e-01 0.000000000000000000e+00 0.000000000000000000e+00
3.049999952316284180e+00 0.000000000000000000e+00 0.000000000000000000e+00
5.639999866485595703e+00 0.000000000000000000e+00 0.000000000000000000e+00
6.099999904632568359e+00 0.000000000000000000e+00 0.000000000000000000e+00
0.000000000000000000e+00 7.599999904632568359e-01 0.000000000000000000e+00
4.600000083446502686e-01 7.599999904632568359e-01 0.000000000000000000e+00
3.049999952316284180e+00 7.599999904632568359e-01 0.000000000000000000e+00
5.639999866485595703e+00 7.599999904632568359e-01 0.000000000000000000e+00
6.099999904632568359e+00 7.599999904632568359e-01 0.000000000000000000e+00
0.000000000000000000e+00 4.719999790191650391e+00 0.000000000000000000e+00
4.600000083446502686e-01 4.719999790191650391e+00 0.000000000000000000e+00
3.049999952316284180e+00 4.719999790191650391e+00 0.000000000000000000e+00
5.639999866485595703e+00 4.719999790191650391e+00 0.000000000000000000e+00
6.099999904632568359e+00 4.719999790191650391e+00 0.000000000000000000e+00
0.000000000000000000e+00 6.699999809265136719e+00 0.000000000000000000e+00
6.099999904632568359e+00 6.699999809265136719e+00 0.000000000000000000e+00
0.000000000000000000e+00 8.680000305175781250e+00 0.000000000000000000e+00
4.600000083446502686e-01 8.680000305175781250e+00 0.000000000000000000e+00
3.049999952316284180e+00 8.680000305175781250e+00 0.000000000000000000e+00
5.639999866485595703e+00 8.680000305175781250e+00 0.000000000000000000e+00
6.099999904632568359e+00 8.680000305175781250e+00 0.000000000000000000e+00
0.000000000000000000e+00 1.264000034332275391e+01 0.000000000000000000e+00
4.600000083446502686e-01 1.264000034332275391e+01 0.000000000000000000e+00
3.049999952316284180e+00 1.264000034332275391e+01 0.000000000000000000e+00
5.639999866485595703e+00 1.264000034332275391e+01 0.000000000000000000e+00
6.099999904632568359e+00 1.264000034332275391e+01 0.000000000000000000e+00
0.000000000000000000e+00 1.339999961853027344e+01 0.000000000000000000e+00
4.600000083446502686e-01 1.339999961853027344e+01 0.000000000000000000e+00
3.049999952316284180e+00 1.339999961853027344e+01 0.000000000000000000e+00
5.639999866485595703e+00 1.339999961853027344e+01 0.000000000000000000e+00
6.099999904632568359e+00 1.339999961853027344e+01 0.000000000000000000e+00
